image: Big_map.pgm
resolution: 0.040000
origin: [-26.600000, -26.600000, 0.000000]
negate: 0
occupied_thresh: 0.65
free_thresh: 0.196

