image: last_map.pgm
resolution: 0.040000
origin: [-16.360000, -18.920000, 0.000000]
negate: 0
occupied_thresh: 0.65
free_thresh: 0.196

