image: march_map.pgm
resolution: 0.100000
origin: [-29.800000, -29.800000, 0.000000]
#origin: [0.000000, 0.000000, 0.000000]
negate: 0
occupied_thresh: 0.65
free_thresh: 0.196
